1.000000000000000021e-03 1.000000000000000021e-03
1.000000000000000021e-03 1.000000000000000021e-03
1.459965404673574341e+01 3.181848217162362324e+00
2.506823549428230891e+01 2.695785747058616622e+00
3.360124136320956012e+01 2.297191607649544220e+00
5.040996636961126853e+01 6.981743170725762226e+00
7.038472715364061116e+01 7.393551806799777637e+00
9.932152650096328728e+01 1.027613750714032825e+01
1.736476366043293353e+02 1.330123890795377228e+01
2.103828204272608104e+02 1.180437258769195275e+01
3.163652469333001704e+02 2.165124348466521553e+01
3.710310544577520204e+02 1.780812197605019165e+01
4.231686824624850942e+02 1.651399880839885270e+01
4.700969361697869431e+02 1.684206750373047257e+01
5.259377631642760207e+02 2.000338663009831563e+01
